,swamp,beach,bay,centre,stadium,zoo,garage,meadow,boulevard,river,intersection,lane,cinema,venue,suburb,territory,hill,store,square,mall,factory,museum,lot,cavern,cave,region,savanna,club,pond,nation,driveway,highway,pub,arena,hospital,road,garden,gallery,desert,shop,waterfall,library,valley,field,state,marsh,restaurant,coast,campus,country,county,port,alley,province,spring,bog,station,street,office,prairie,site,aquarium,jungle,metropolis,district,theater,playground,parking,neighborhood,quarry,harbor,woods,apartment,village,reservoir,residence,creek,park,gym,plaza,stream,cafe,avenue,pier,warehouse,lake,mine,well,market,bar,tundra,plain,municipality,headquarters,forest,wetland,dock,town,mountain,city,shore,building
swamp,0.99999994,0.5682906,0.53577,0.22818603,0.23272945,0.30035892,0.25233978,0.6046758,0.24711244,0.61466396,0.15768743,0.290679,0.038734768,0.104587995,0.18194714,0.32378256,0.3928096,0.08803773,0.17592844,0.25410065,0.119592786,0.12194644,0.23389795,0.47929388,0.52879184,0.34400576,0.6165593,0.2336911,0.6799013,0.31816763,0.21264495,0.3574359,0.31035277,0.12480288,0.112434044,0.3999592,0.4015883,0.038035657,0.6257778,0.11688898,0.57075614,0.121124625,0.58636934,0.18797411,0.23777023,0.6096794,0.15307447,0.52213746,0.20162396,0.31500494,0.312593,0.28575346,0.38619688,0.22878735,0.36419362,0.71498096,0.16947053,0.23644966,0.068963535,0.7005742,0.33805025,0.43912843,0.67981195,0.27568537,0.16470627,-0.0025424857,0.41535202,0.18653803,0.27860016,0.4372672,0.3430416,0.3953317,0.11475227,0.37875417,0.6010164,0.006018468,0.69984215,0.46782038,0.09052765,0.18679166,0.50430423,0.21878171,0.19293597,0.30301365,0.17614627,0.5749455,0.40560162,0.24674468,0.11218688,0.11242484,0.5026306,0.48215768,0.16172941,0.08208801,0.74939936,0.57589304,0.22095495,0.39288044,0.6077532,0.26862285,0.514933,0.18971246
beach,0.5682906,1.0,0.6710771,0.50976443,0.43342572,0.43521938,0.4763308,0.5763856,0.5605755,0.52214193,0.3952933,0.5483092,0.32308102,0.4985482,0.5537877,0.33662915,0.61446804,0.429511,0.39567545,0.57024616,0.30729023,0.48290145,0.42029923,0.25545073,0.4854936,0.31370246,0.3716312,0.45647216,0.5398808,0.34078926,0.3872338,0.48979932,0.449526,0.40346804,0.4611952,0.5899265,0.63383764,0.46994072,0.6353702,0.5069354,0.44636145,0.42653483,0.60192764,0.36104423,0.42565528,0.510024,0.58509505,0.62684995,0.5165228,0.41667965,0.5467591,0.5133545,0.5199893,0.27577028,0.5167443,0.3316373,0.47110644,0.52342343,0.46504924,0.6642123,0.56440496,0.49556705,0.6236278,0.29989535,0.45977247,0.41092354,0.63695323,0.51304084,0.54043776,0.3552662,0.57524353,0.5905334,0.50211364,0.5101618,0.36596987,0.48401818,0.5646758,0.7318933,0.46816933,0.5660406,0.3899365,0.57231283,0.57223225,0.5294094,0.37204543,0.65746427,0.4149847,0.44949365,0.26153374,0.5555812,0.23915638,0.47263017,0.21582939,0.4135256,0.6508898,0.31673136,0.4597487,0.5843776,0.6676314,0.5830087,0.6194844,0.4337977
bay,0.53577,0.6710771,1.0,0.44849727,0.43007937,0.51038337,0.25041246,0.46319064,0.41217586,0.68585145,0.3750651,0.48877957,0.1159146,0.32990488,0.46660984,0.5032275,0.5901097,0.28895393,0.24991074,0.39090765,0.19654708,0.39283463,0.32803223,0.30472925,0.4877635,0.43759242,0.2563923,0.49717185,0.58359927,0.36117634,0.16479695,0.52940154,0.24321471,0.35241002,0.42227253,0.5678749,0.49138284,0.27014276,0.5541708,0.25374934,0.31157807,0.32611015,0.62496066,0.4897583,0.515236,0.5473991,0.38014844,0.7215232,0.43806112,0.3691494,0.5277215,0.69760776,0.35959005,0.34464124,0.5740217,0.23434435,0.54810345,0.47316766,0.3798153,0.5372646,0.52131325,0.51413023,0.43441856,0.23166329,0.38280126,0.2935915,0.33294246,0.36408728,0.4415432,0.37391767,0.7709524,0.4221069,0.35868418,0.41813752,0.51975495,0.38126487,0.646686,0.6665912,0.19821966,0.39204022,0.49972084,0.29251888,0.4838403,0.48565137,0.32157075,0.70127344,0.3930166,0.47004655,0.30348223,0.41048425,0.0983654,0.42009398,0.22781283,0.41480199,0.5995119,0.4282001,0.50728667,0.54721075,0.55963516,0.6173444,0.7697127,0.41407022
centre,0.22818603,0.50976443,0.44849727,1.0,0.5076384,0.4246855,0.42018306,0.36629298,0.3722478,0.4101497,0.41086087,0.46786982,0.4850861,0.61933297,0.60215497,0.38799727,0.5064905,0.37932155,0.525658,0.5334442,0.3860775,0.5630437,0.2989651,0.26647288,0.37265864,0.48297086,0.26924795,0.5732434,0.3771575,0.41052395,0.11008624,0.35645527,0.44704267,0.5346825,0.6075378,0.58413833,0.51484865,0.5715647,0.33209506,0.41604826,0.32619885,0.593865,0.48522663,0.5536262,0.47977722,0.33903843,0.42327222,0.47356543,0.71092236,0.51754135,0.40687576,0.5428525,0.36155835,0.42073053,0.3507428,0.094353996,0.60581636,0.526945,0.54797757,0.32647166,0.60708696,0.3626029,0.23786257,0.45777944,0.5117902,0.4546529,0.4769115,0.44271293,0.5472789,0.24353735,0.38774842,0.2705401,0.39668766,0.5853315,0.4075124,0.5097162,0.3077455,0.664785,0.41483906,0.47036242,0.39366144,0.41867682,0.46948996,0.44042397,0.44725546,0.41763595,0.277273,0.55543864,0.40476403,0.49088395,-0.02469752,0.23357905,0.4015029,0.60155874,0.6019776,0.39429775,0.36310053,0.5887125,0.4345639,0.65568906,0.50632036,0.65507704
stadium,0.23272945,0.43342572,0.43007937,0.5076384,0.99999994,0.45141467,0.37466976,0.34523347,0.3628416,0.21518266,0.20300393,0.35617417,0.2867135,0.6922271,0.393162,0.20818292,0.43838093,0.29990494,0.5810284,0.5297823,0.37157112,0.4640748,0.43467277,0.32865477,0.23468097,0.210575,0.0685527,0.5972829,0.34048596,0.27578634,0.21509711,0.2159436,0.3243125,0.82985234,0.38227308,0.4575641,0.58748174,0.45934597,0.29023367,0.2911869,0.2324129,0.3644695,0.311962,0.48937333,0.37845552,0.23680101,0.31227806,0.30532354,0.53409624,0.34348089,0.31236917,0.4140414,0.25265738,0.2842376,0.47453618,0.055861652,0.47400075,0.3585063,0.4121856,0.2821199,0.47115013,0.37590194,0.109326154,0.29321817,0.32587835,0.41848797,0.4632701,0.48958647,0.3615785,0.23736101,0.31743917,0.3697951,0.32102644,0.32755288,0.3535506,0.39951685,0.17421095,0.7058258,0.5118918,0.6069663,0.13557762,0.30037588,0.38156128,0.45261064,0.35442066,0.405325,0.28304178,0.37931874,0.2714225,0.24943206,0.005715687,0.1679905,0.22136515,0.5066671,0.42235973,0.33220422,0.3652637,0.4571106,0.27803597,0.59534353,0.25898093,0.51749736
zoo,0.30035892,0.43521938,0.51038337,0.4246855,0.45141467,0.99999994,0.21254832,0.36346087,0.17503075,0.3202178,0.008650367,0.11122127,0.2872645,0.33869147,0.3972487,0.08626048,0.26213765,0.30883494,0.2100597,0.4859587,0.22221538,0.5380082,0.17909,0.28928515,0.49511796,0.22222105,0.11695382,0.386221,0.43022925,0.20295484,0.03320404,0.12901321,0.28930864,0.37880662,0.5604535,0.24609426,0.43687224,0.31591827,0.38159105,0.29576904,0.26231027,0.3557903,0.4061342,0.23406222,0.22881745,0.25864127,0.3896799,0.2555712,0.48067006,0.23524043,0.19243619,0.33596206,0.29777724,0.25335482,0.34575137,0.09908526,0.37734684,0.20246087,0.2995238,0.40241233,0.5419647,0.66161263,0.25863963,0.33674654,0.24140699,0.2814242,0.41670385,0.24804398,0.38284308,0.20148109,0.44279855,0.21295547,0.35568237,0.35344806,0.34680575,0.3133515,0.26422918,0.61125314,0.40833017,0.32351577,0.091147296,0.37920266,0.23170975,0.25202852,0.2704291,0.3828677,0.21715039,0.2744802,0.19288398,0.22640508,0.04455581,0.10418442,0.16860309,0.35420376,0.38717315,0.38635397,0.15465206,0.3550825,0.3708396,0.4801823,0.30142,0.31007963
garage,0.25233978,0.4763308,0.25041246,0.42018306,0.37466976,0.21254832,1.0,0.23764993,0.4011076,0.20094463,0.38965803,0.55793244,0.41408786,0.46984565,0.44882348,0.050179463,0.4509862,0.69326854,0.39267284,0.657136,0.6153973,0.38532224,0.41960537,0.50153136,0.38656938,0.016212182,-0.0037611874,0.42353535,0.38040194,0.12772988,0.6045646,0.3288341,0.66396934,0.4292855,0.38538218,0.5141719,0.48617557,0.4859344,0.17917712,0.75520307,0.31812748,0.42268535,0.35367128,0.31511453,0.115237765,0.11154437,0.63137215,0.17240459,0.45104313,0.25701547,0.15147379,0.2729209,0.60480654,-0.0020600099,0.34195334,0.103625156,0.57861423,0.553118,0.3638673,0.19716473,0.49496454,0.24260993,0.289296,0.28771245,0.2268297,0.49707365,0.6299748,0.69276226,0.5589364,0.56140834,0.2586834,0.32289305,0.71481335,0.38740194,0.2857022,0.41719767,0.3527731,0.43403393,0.5767966,0.44349295,0.33814704,0.67310584,0.48486954,0.4285346,0.72464323,0.22799322,0.4247271,0.37338212,0.35985142,0.54625463,0.16009048,0.23819746,0.16870597,0.36863425,0.27224997,-0.03146772,0.5634836,0.4251136,0.3666056,0.38490546,0.30561212,0.6443551
meadow,0.6046758,0.5763856,0.46319064,0.36629298,0.34523347,0.36346087,0.23764993,1.0,0.4548615,0.54251903,0.3473024,0.6074414,-0.026487371,0.3087427,0.38818052,0.14245664,0.6417642,0.17195313,0.43558308,0.43554133,0.17407833,0.26333687,0.20839281,0.4140185,0.5188955,0.19261304,0.5500803,0.31816077,0.807815,-0.010815906,0.40893427,0.31525493,0.39845493,0.22836444,0.25090614,0.5527708,0.648946,0.3174895,0.4825759,0.20398188,0.59498173,0.20451896,0.5296188,0.1802964,0.0804487,0.6868967,0.28654683,0.27089334,0.3973364,0.12878978,0.369897,0.26380685,0.3649253,0.17355545,0.37958512,0.699406,0.24500312,0.26467866,0.03605564,0.6950005,0.3529773,0.47165322,0.409915,0.14225322,0.29383427,0.10011114,0.48626056,0.31809163,0.3677807,0.47413024,0.37742615,0.5086005,0.23512685,0.5333384,0.535645,0.22582185,0.73833525,0.7022593,0.26988822,0.41058874,0.34438416,0.32411787,0.41467142,0.44846112,0.18660684,0.7016651,0.28649864,0.20144247,-0.0030831636,0.18751054,0.33663425,0.49010116,0.31058502,0.10806885,0.6534072,0.5486309,0.31747213,0.48288605,0.5949099,0.28005064,0.44286227,0.25085115
boulevard,0.24711244,0.5605755,0.41217586,0.3722478,0.3628416,0.17503075,0.4011076,0.4548615,0.99999994,0.48113057,0.73592407,0.6590148,0.3300983,0.3428488,0.5409566,0.2147056,0.5337313,0.3268678,0.5570036,0.6547683,0.19659798,0.42397156,0.18629733,0.21738888,0.28267607,0.21442026,0.12315239,0.16129366,0.31712878,0.11023522,0.48913342,0.6322526,0.27407932,0.36999774,0.15341944,0.6561261,0.47606522,0.53026116,0.3389822,0.3132044,0.39110544,0.37625945,0.5439343,0.16443166,0.2235721,0.21659493,0.3594326,0.2869395,0.47201613,0.2055218,0.3886674,0.40603423,0.4806482,0.20417027,0.27297658,0.03143371,0.44738138,0.6301902,0.29086837,0.407108,0.33097908,0.10024593,0.2656137,0.39854568,0.45155567,0.45362073,0.38461593,0.46239036,0.573726,0.27791464,0.42193767,0.21403474,0.44461316,0.43502048,0.33801857,0.4017043,0.4985318,0.6042201,0.22644323,0.8191437,0.27458534,0.44309703,0.88055474,0.5332344,0.29871112,0.48393148,0.13830718,0.16767173,0.123272166,0.34364903,0.06382393,0.24569574,0.32346737,0.39127094,0.29231232,0.1426694,0.34799004,0.49502397,0.44558805,0.51449513,0.42683148,0.4485336
river,0.61466396,0.52214193,0.68585145,0.4101497,0.21518266,0.3202178,0.20094463,0.54251903,0.48113057,1.0,0.4362333,0.50128156,0.10659932,0.16386366,0.3218298,0.51267964,0.5842494,0.21809655,0.32507887,0.26309544,0.2665661,0.36467376,0.30798167,0.37404373,0.57727814,0.58372474,0.30758047,0.35119852,0.68222344,0.3418991,0.29880092,0.62222373,0.17638494,0.12348626,0.35797572,0.64307183,0.3773433,0.23528782,0.5225908,0.20838968,0.55991584,0.30634654,0.8207572,0.39965606,0.48101482,0.49693236,0.21842314,0.661644,0.36147842,0.4170922,0.60732055,0.56112236,0.331089,0.51001996,0.46910304,0.41457006,0.4651088,0.4648418,0.27881786,0.5888567,0.44138262,0.29834008,0.46072194,0.310477,0.45639423,0.16305141,0.19931406,0.25747335,0.35321516,0.49584264,0.5605486,0.3829754,0.18262118,0.55138874,0.7095085,0.22759297,0.82887906,0.5793329,0.056334578,0.36082408,0.69716126,0.24106531,0.49087602,0.37403998,0.21890892,0.7879452,0.54005396,0.4630764,0.22781697,0.32267165,0.30220768,0.4968434,0.46230033,0.3246863,0.6242932,0.43269095,0.41943285,0.5887256,0.6769524,0.52737856,0.7686698,0.35463825
intersection,0.15768743,0.3952933,0.3750651,0.41086087,0.20300393,0.008650367,0.38965803,0.3473024,0.73592407,0.4362333,0.99999994,0.65020275,0.2257274,0.2998224,0.54042476,0.33779368,0.5096004,0.33883485,0.5344928,0.5527887,0.24751182,0.24308321,0.29228458,0.10870194,0.26979995,0.32743746,0.07167126,0.09808375,0.2578208,0.20896831,0.4558351,0.80359715,0.27887928,0.18868116,0.22480267,0.7720439,0.3288414,0.31603777,0.26346302,0.3201365,0.34545553,0.285546,0.45313212,0.30880913,0.35754216,0.09804365,0.3399253,0.2948164,0.47992554,0.27054626,0.44281507,0.42345572,0.45607865,0.3513099,0.23742805,0.020151647,0.5393752,0.6310004,0.315704,0.3106912,0.40781596,-0.032570228,0.22843216,0.3841861,0.5522309,0.285547,0.31174222,0.5187209,0.6170405,0.2364691,0.39414725,0.21563861,0.4087418,0.57477856,0.29045665,0.3175582,0.45961058,0.4641414,0.15377027,0.54638773,0.3871577,0.38799798,0.7719546,0.42361075,0.32170862,0.37139964,0.25702465,0.29421735,0.23629718,0.40606356,-0.017795686,0.40692014,0.4157125,0.42004278,0.26558515,0.112854846,0.31830758,0.5401121,0.4432388,0.5226294,0.39973366,0.49506176
lane,0.290679,0.5483092,0.48877957,0.46786982,0.35617417,0.11122127,0.55793244,0.6074414,0.6590148,0.50128156,0.65020275,0.99999994,0.13259709,0.3692921,0.42171785,0.21281314,0.756446,0.48171467,0.4681591,0.58038783,0.3335018,0.3248899,0.4340622,0.17824504,0.3236131,0.11388716,0.09548292,0.3501796,0.5646917,0.08759039,0.5750346,0.61471564,0.48452634,0.28460255,0.29787108,0.8131611,0.5615889,0.48800936,0.17633447,0.49885055,0.38197887,0.3707584,0.44132352,0.38077962,0.28403017,0.5194312,0.39745846,0.2873867,0.45408937,0.24752653,0.48255777,0.4204534,0.5595702,0.08589939,0.43894207,0.22316238,0.5243913,0.67265564,0.37208813,0.33897603,0.42040637,0.14797659,0.18760027,0.113834724,0.43577534,0.30773792,0.47680146,0.6119203,0.46352756,0.42025724,0.42211825,0.48502848,0.47420448,0.46557665,0.39672154,0.3606155,0.6361225,0.68998176,0.30118364,0.4782426,0.40064517,0.325034,0.7102331,0.51312846,0.39592898,0.5457644,0.2797906,0.40730107,0.27705497,0.49734768,0.06380161,0.36451608,0.20048045,0.25579244,0.42955416,0.17330329,0.5459523,0.50156415,0.41258016,0.42987958,0.5028929,0.52169925
cinema,0.038734768,0.32308102,0.1159146,0.4850861,0.2867135,0.2872645,0.41408786,-0.026487371,0.3300983,0.10659932,0.2257274,0.13259709,1.0000001,0.56850517,0.3352728,0.18180785,0.13293466,0.38755,0.41161835,0.41496,0.3150437,0.544778,0.3056347,0.21578896,0.21641685,0.2619971,-0.095318206,0.419334,0.047612347,0.3622376,-0.10952445,0.15986401,0.44051406,0.41532582,0.17701261,0.20976284,0.32474503,0.5987171,0.21035692,0.4243622,0.2571059,0.52720195,0.25387335,0.21849363,0.21941787,-0.099978246,0.50510436,0.25247326,0.4188267,0.4342514,0.10303517,0.25483853,0.43813494,0.22907878,0.17463085,-0.28677288,0.4667315,0.425927,0.3356317,0.12668231,0.37733307,0.17197526,0.21137406,0.67896944,0.30191842,0.79118955,0.39046153,0.21238708,0.37699696,0.06414551,0.2018407,0.025890471,0.34477672,0.35647786,0.13342214,0.3259173,-0.024039838,0.30508217,0.3385083,0.35805798,0.25561914,0.5432799,0.32349744,0.2729111,0.29622003,0.09996996,0.12763327,0.48185378,0.3975771,0.41153577,-0.05500575,0.16696402,0.24853401,0.29312307,0.085487336,-0.012427433,0.04727331,0.3711747,0.19712356,0.48698336,0.23332237,0.42094797
venue,0.104587995,0.4985482,0.32990488,0.61933297,0.6922271,0.33869147,0.46984565,0.3087427,0.3428488,0.16386366,0.2998224,0.3692921,0.56850517,0.99999994,0.4596005,0.2952011,0.46331343,0.35115778,0.4742046,0.5440829,0.373873,0.49078345,0.4258338,0.28493696,0.31266457,0.34796798,0.04656088,0.62634104,0.30874205,0.35246548,0.19263673,0.2352491,0.479686,0.70282334,0.3013073,0.49503598,0.57842374,0.5218217,0.3294302,0.4050633,0.30900294,0.40008682,0.3240465,0.45861986,0.3774435,0.11027188,0.5145307,0.37956798,0.55511826,0.50327444,0.2748442,0.39847684,0.3344361,0.29447648,0.50234354,0.05959559,0.5520726,0.3740209,0.42550507,0.23960282,0.58079875,0.31882098,0.17310816,0.36801162,0.4036477,0.5931911,0.5654671,0.5376545,0.4467476,0.24182978,0.34981558,0.31826484,0.34092572,0.42066288,0.22770351,0.5419289,0.16274759,0.6286401,0.505382,0.51230544,0.27607006,0.47385338,0.37638298,0.3526369,0.31272998,0.40701732,0.3099888,0.53519726,0.3469423,0.4819562,0.066784084,0.20777614,0.30851972,0.46663046,0.3305169,0.24728847,0.3674709,0.49075842,0.39285362,0.55001956,0.3360331,0.53759575
suburb,0.18194714,0.5537877,0.46660984,0.60215497,0.393162,0.3972487,0.44882348,0.38818052,0.5409566,0.3218298,0.54042476,0.42171785,0.3352728,0.4596005,1.0,0.39842755,0.4884022,0.42664376,0.4576199,0.68844336,0.40341377,0.43474758,0.25502458,0.21484275,0.2822239,0.45620438,0.16065152,0.44481623,0.2391334,0.25066945,0.31849763,0.47030497,0.4394301,0.40366307,0.5569963,0.57749933,0.3853962,0.40020737,0.3802554,0.42019865,0.21874093,0.3039428,0.53209966,0.19280982,0.38351843,0.18125534,0.5193472,0.46650162,0.615303,0.3515726,0.5141213,0.5694255,0.37543327,0.4924261,0.25441858,0.050278943,0.5752115,0.5287923,0.4111273,0.39134508,0.4491757,0.24090002,0.26042,0.5072429,0.60167396,0.40123135,0.41636792,0.46777877,0.83469087,0.30733928,0.5071164,0.23599152,0.6362025,0.6925747,0.21411647,0.59349495,0.3560125,0.5532334,0.27852598,0.5580756,0.1864431,0.5222867,0.5519192,0.41036478,0.48962423,0.43560576,0.29059723,0.30594742,0.30261856,0.42444265,0.05345917,0.39561975,0.5252568,0.54427415,0.43114355,0.12573865,0.30743846,0.81100476,0.45525968,0.7683196,0.4639633,0.50331455
territory,0.32378256,0.33662915,0.5032275,0.38799727,0.20818292,0.08626048,0.050179463,0.14245664,0.2147056,0.51267964,0.33779368,0.21281314,0.18180785,0.2952011,0.39842755,1.0,0.3750323,0.20867224,0.37288147,0.24426073,0.26187918,0.29041514,0.31808898,0.010889001,0.31267482,0.76398855,0.20611994,0.30341274,0.20049798,0.6684907,0.024892997,0.4768877,0.10990226,0.14801629,0.23463365,0.46748763,0.16795115,0.069156945,0.60312957,0.16496816,0.053438976,0.2254438,0.49244392,0.42511594,0.6738547,0.23055331,0.1552936,0.7317963,0.27844822,0.690981,0.51132077,0.57380766,0.15197115,0.65634185,0.37900695,0.14905651,0.43865517,0.32690904,0.44734564,0.30454445,0.45654365,0.023761805,0.4738474,0.34500405,0.51242477,0.1962094,0.093418784,0.2295987,0.44351062,0.24229923,0.44811726,0.2719417,0.2320899,0.6109448,0.24271527,0.43640414,0.35426697,0.32978877,-0.04063467,0.2177415,0.41882426,0.068562366,0.2611661,0.11161974,0.2709123,0.39824226,0.41516104,0.53281885,0.383982,0.2931085,0.1768027,0.45542994,0.5240898,0.48491517,0.48285198,0.29411462,0.2517433,0.6602803,0.4637456,0.6208614,0.6187462,0.42942375
hill,0.3928096,0.61446804,0.5901097,0.5064905,0.43838093,0.26213765,0.4509862,0.6417642,0.5337313,0.5842494,0.5096004,0.756446,0.13293466,0.46331343,0.4884022,0.3750323,1.0,0.38328618,0.5030473,0.50103563,0.34284028,0.42966884,0.46586442,0.2754715,0.5433298,0.3331732,0.22126357,0.47172472,0.6120732,0.3042025,0.44801167,0.48860034,0.43349472,0.34330952,0.39036098,0.73936635,0.63100773,0.481136,0.44604313,0.40027514,0.37006664,0.39578244,0.68254215,0.4924956,0.43642446,0.6137933,0.40057626,0.45876884,0.5486171,0.42165375,0.5373235,0.37673667,0.46888855,0.23073147,0.5717231,0.37002167,0.4815506,0.6742816,0.43351108,0.522315,0.5882233,0.2632955,0.34365463,0.072921425,0.49508145,0.36762452,0.38886455,0.40717965,0.50193715,0.57246935,0.43900385,0.7381115,0.407552,0.58389056,0.3898997,0.4684197,0.72212493,0.7924076,0.26898733,0.4577059,0.42970914,0.34790897,0.63979155,0.3428742,0.30273384,0.6589953,0.44227347,0.53084207,0.35004815,0.46581158,0.1274993,0.450678,0.19857447,0.48354435,0.61711746,0.21254762,0.44183666,0.625953,0.70785326,0.49158397,0.6323587,0.57804036
store,0.08803773,0.429511,0.28895393,0.37932155,0.29990494,0.30883494,0.69326854,0.17195313,0.3268678,0.21809655,0.33883485,0.48171467,0.38755,0.35115778,0.42664376,0.20867224,0.38328618,1.0,0.46587345,0.7482644,0.7371345,0.5634968,0.514047,0.080271564,0.25736555,0.23368101,-0.09866938,0.35726374,0.26995122,0.29320198,0.38616726,0.25509465,0.5504492,0.3319962,0.42625877,0.42879784,0.5648932,0.5295907,0.19419692,0.9009843,0.120978296,0.5540936,0.36773124,0.3730603,0.31523418,0.10745119,0.7460344,0.21897024,0.44685286,0.36913007,0.3676841,0.3740175,0.4276007,0.2520118,0.44520143,-0.044586644,0.51817495,0.63315886,0.55263954,0.2235064,0.61441416,0.27235863,0.23356763,0.34680444,0.4094352,0.46702158,0.42217773,0.61786693,0.5951533,0.34972036,0.32768497,0.25151268,0.6909228,0.44978595,0.17358088,0.38450974,0.28587583,0.4348165,0.45411214,0.4395352,0.3433417,0.60982627,0.54827464,0.2285985,0.8302654,0.19831182,0.3432322,0.5284015,0.6330146,0.55279946,0.08363387,0.34340957,0.26916796,0.47839242,0.26949534,0.017348431,0.36772153,0.49432907,0.2800832,0.5482007,0.3117614,0.6105453
square,0.17592844,0.39567545,0.24991074,0.525658,0.5810284,0.2100597,0.39267284,0.43558308,0.5570036,0.32507887,0.5344928,0.4681591,0.41161835,0.4742046,0.4576199,0.37288147,0.5030473,0.46587345,1.0,0.62257844,0.4180309,0.5132862,0.39350113,0.26868737,0.37162846,0.3264399,0.06421004,0.2925999,0.38277116,0.27327725,0.37226453,0.39785117,0.3895854,0.49292764,0.310892,0.5266928,0.5958477,0.6390355,0.37366766,0.40022483,0.37157232,0.4905396,0.404314,0.4287884,0.32101107,0.21785985,0.40137196,0.25773513,0.5508108,0.39497018,0.34665304,0.32909173,0.4169792,0.34474394,0.40026003,0.07245393,0.48458952,0.5574254,0.45702603,0.318409,0.5194288,0.17638637,0.23571695,0.38814914,0.46477413,0.52459794,0.3666134,0.56452703,0.5308218,0.2907703,0.29424334,0.2823184,0.52839714,0.6326306,0.3943009,0.4726263,0.31886393,0.57835054,0.37921885,0.6634735,0.35669416,0.44540492,0.5409869,0.39081004,0.4844163,0.41006914,0.26397556,0.4325008,0.29731214,0.38233274,0.0827412,0.4062045,0.43263376,0.51391774,0.4111441,0.2473631,0.2500351,0.62686944,0.43655962,0.62319064,0.36172223,0.6376938
mall,0.25410065,0.57024616,0.39090765,0.5334442,0.5297823,0.4859587,0.657136,0.43554133,0.6547683,0.26309544,0.5527887,0.58038783,0.41496,0.5440829,0.68844336,0.24426073,0.50103563,0.7482644,0.62257844,1.0000001,0.5175191,0.5826187,0.35423648,0.26033062,0.36027065,0.24288535,0.025688186,0.330454,0.38988164,0.2685763,0.46341878,0.43585727,0.60980856,0.585258,0.42274132,0.61939514,0.618736,0.60475427,0.32149127,0.6743472,0.29707506,0.48652864,0.45892608,0.26536518,0.27880034,0.22115467,0.6346431,0.24697138,0.6380581,0.31977293,0.3940582,0.4027821,0.5691495,0.25662762,0.37727654,0.071314804,0.6028982,0.66316944,0.4708059,0.39417458,0.63035744,0.37486216,0.2615124,0.53977555,0.49988815,0.5315152,0.612238,0.6966767,0.7787273,0.3692333,0.4731085,0.24893732,0.70280874,0.57384235,0.27626935,0.4599726,0.3949848,0.7000047,0.48408112,0.7468783,0.23348734,0.5981291,0.72295904,0.42246726,0.6894276,0.3715363,0.2912553,0.30500057,0.4321657,0.42101413,0.093879275,0.26015633,0.3383973,0.5705498,0.3827574,0.2265193,0.38079834,0.60837173,0.41586497,0.66023237,0.39804485,0.6424491
factory,0.119592786,0.30729023,0.19654708,0.3860775,0.37157112,0.22221538,0.6153973,0.17407833,0.19659798,0.2665661,0.24751182,0.3335018,0.3150437,0.373873,0.40341377,0.26187918,0.34284028,0.7371345,0.4180309,0.5175191,1.0,0.51987314,0.39851704,0.09132906,0.20339936,0.34150794,-0.038250413,0.4067168,0.2857489,0.33406395,0.3152986,0.2811255,0.41524372,0.3305367,0.42836758,0.4200091,0.5072462,0.33412805,0.26431337,0.75749356,0.14260098,0.36026978,0.3339187,0.34420672,0.3862066,0.03625922,0.60340524,0.30309796,0.39732227,0.4472648,0.33256483,0.43656015,0.32896763,0.45827907,0.46722472,0.08115439,0.5219099,0.4531669,0.4574089,0.30031604,0.4914148,0.2662469,0.26708812,0.4056999,0.3985714,0.42159528,0.36998188,0.4515287,0.4552384,0.43621114,0.33195463,0.20986629,0.51592946,0.49397555,0.27883625,0.33290052,0.28454733,0.38206035,0.43970042,0.32087043,0.27539942,0.52364767,0.34419194,0.28794762,0.74516255,0.23136318,0.6235751,0.5154545,0.54714745,0.4851203,0.22994386,0.33936372,0.35011292,0.5123682,0.32439944,0.028839821,0.452891,0.51712793,0.31472132,0.5562776,0.31030425,0.6581908
museum,0.12194644,0.48290145,0.39283463,0.5630437,0.4640748,0.5380082,0.38532224,0.26333687,0.42397156,0.36467376,0.24308321,0.3248899,0.544778,0.49078345,0.43474758,0.29041514,0.42966884,0.5634968,0.5132862,0.5826187,0.51987314,0.99999994,0.33609393,0.24450912,0.47241098,0.31807756,-0.015102016,0.4227821,0.37282875,0.34574333,0.093292974,0.228619,0.30251315,0.4819478,0.40894225,0.3793119,0.6723237,0.79266715,0.3459324,0.55524987,0.20611079,0.78442067,0.40605816,0.44856405,0.40884918,0.18110442,0.51908123,0.35627198,0.5800394,0.36739236,0.40872353,0.44276044,0.2883857,0.27104673,0.3733812,0.02223456,0.46647632,0.44707027,0.49710602,0.37250945,0.68460673,0.5555537,0.19811086,0.49187762,0.39674175,0.65152025,0.44667047,0.3510932,0.4504226,0.3380586,0.5137041,0.24977441,0.4515753,0.47346023,0.30490792,0.48800904,0.26898304,0.6361589,0.3609257,0.5650715,0.15453489,0.45677638,0.5516918,0.3574138,0.52521753,0.4371848,0.3679381,0.48324823,0.28995574,0.36951277,0.087648876,0.3148241,0.32577932,0.5467126,0.42386356,0.2953733,0.29090446,0.50121754,0.36971888,0.64740676,0.39758566,0.66665816
lot,0.23389795,0.42029923,0.32803223,0.2989651,0.43467277,0.17909,0.41960537,0.20839281,0.18629733,0.30798167,0.29228458,0.4340622,0.3056347,0.4258338,0.25502458,0.31808898,0.46586442,0.514047,0.39350113,0.35423648,0.39851704,0.33609393,1.0,0.06254948,0.22545585,0.40281793,-0.013653217,0.4719385,0.29942322,0.5355583,0.34153065,0.3048584,0.27557552,0.4064658,0.34839946,0.49746156,0.5073458,0.2918342,0.3185575,0.5187407,0.1328673,0.31936145,0.39830613,0.5880314,0.49374467,0.20352015,0.43502557,0.35340223,0.4418353,0.61977434,0.32291275,0.26233026,0.31300735,0.2675291,0.5378071,0.060272608,0.31780094,0.49156773,0.46174225,0.22739577,0.43830153,0.15711628,0.2797568,0.21303573,0.28370792,0.42521363,0.4740786,0.5224674,0.48090264,0.12710315,0.28971168,0.59683985,0.41466218,0.3614203,0.20441121,0.23522948,0.2048694,0.4414291,0.4747923,0.2250828,0.4467024,0.31362695,0.30236337,0.12354322,0.29084477,0.33427617,0.3571181,0.81337005,0.5799947,0.3878735,0.09166229,0.4957833,0.11484739,0.2753842,0.353352,0.10233683,0.1703722,0.47687468,0.36792803,0.5529741,0.4373807,0.49375132
cavern,0.47929388,0.25545073,0.30472925,0.26647288,0.32865477,0.28928515,0.50153136,0.4140185,0.21738888,0.37404373,0.10870194,0.17824504,0.21578896,0.28493696,0.21484275,0.010889001,0.2754715,0.080271564,0.26868737,0.26033062,0.09132906,0.24450912,0.06254948,1.0,0.6411561,0.010813896,0.2448708,0.27875894,0.6129022,-0.09452498,0.36040494,0.06124661,0.32646137,0.31417695,0.1141483,0.22761111,0.33134896,0.346098,0.30983162,0.1010126,0.61696196,0.25222915,0.3862902,0.18571673,-0.13313821,0.23620138,0.13137166,0.12991318,0.2747572,-0.03316816,-0.03469004,0.12652822,0.3657293,-0.08850517,0.111602135,0.42342564,0.27953297,0.1361811,-0.09333191,0.22616324,0.33922163,0.41368034,0.25437152,0.2342768,-0.064037524,0.20260794,0.44150704,0.30968735,0.18886726,0.65132535,0.20400783,0.19776681,0.26060835,0.19750527,0.61827046,0.15788384,0.41815987,0.34665594,0.24806508,0.27972794,0.43994296,0.3238627,0.1412052,0.30996984,0.3071344,0.41489354,0.32628533,0.021724114,-0.044010904,0.07251448,0.21448939,0.24305455,0.122114114,0.06508727,0.3606083,0.36251044,0.33919293,0.2209644,0.3964065,0.10740639,0.28782842,0.25452462
cave,0.52879184,0.4854936,0.4877635,0.37265864,0.23468097,0.49511796,0.38656938,0.5188955,0.28267607,0.57727814,0.26979995,0.3236131,0.21641685,0.31266457,0.2822239,0.31267482,0.5433298,0.25736555,0.37162846,0.36027065,0.20339936,0.47241098,0.22545585,0.6411561,1.0,0.31603608,0.24288698,0.17750938,0.6949583,0.1495588,0.2976899,0.2421706,0.32857165,0.104930446,0.33151832,0.4215202,0.53049034,0.42761254,0.58858997,0.27954185,0.6041557,0.3245443,0.5358619,0.35251176,0.12954855,0.452471,0.31644052,0.36525708,0.2864453,0.24642016,0.2414874,0.27847028,0.4889361,0.24418019,0.34570545,0.44970563,0.28117472,0.34271276,0.13039511,0.40493777,0.62034845,0.45471182,0.529686,0.2743881,0.25854656,0.2670267,0.43822074,0.25764304,0.36089158,0.7095072,0.42105561,0.46405795,0.41562402,0.545181,0.57514334,0.35715172,0.57642317,0.5668717,0.17000614,0.34183425,0.44678867,0.37842208,0.32383993,0.2912317,0.31333467,0.54483837,0.5482013,0.34310883,0.12065968,0.24607846,0.15313038,0.35679266,0.23517087,0.22679424,0.5425484,0.47647724,0.33281136,0.43703923,0.66864675,0.3260795,0.48651674,0.427758
region,0.34400576,0.31370246,0.43759242,0.48297086,0.210575,0.22222105,0.016212182,0.19261304,0.21442026,0.58372474,0.32743746,0.11388716,0.2619971,0.34796798,0.45620438,0.76398855,0.3331732,0.23368101,0.3264399,0.24288535,0.34150794,0.31807756,0.40281793,0.010813896,0.31603608,1.0,0.34982467,0.3476968,0.20180103,0.6899066,-0.03872313,0.46179992,0.050147526,0.19085714,0.35092393,0.45690042,0.24395463,0.0570974,0.61451995,0.13589315,0.1926069,0.22919504,0.6374652,0.39176905,0.65323603,0.15638447,0.22471564,0.74617547,0.37144935,0.76228434,0.4943876,0.56792676,0.03140266,0.81461835,0.47597146,0.17595136,0.3781254,0.31198293,0.41501993,0.33045384,0.45390037,0.096484326,0.47233793,0.5258033,0.55059,0.23338313,0.11421035,0.16740388,0.48398733,0.105407216,0.37795976,0.22654194,0.18689519,0.63418645,0.33459458,0.3246733,0.34416574,0.34008878,0.027346352,0.21941008,0.5257903,0.14745815,0.2417942,0.03314624,0.2258373,0.4682114,0.42806327,0.64229137,0.47865185,0.185928,0.33833995,0.47502404,0.60627437,0.4975065,0.5312469,0.3533969,0.081419945,0.67334634,0.5709348,0.66832113,0.5859526,0.3851731
savanna,0.6165593,0.3716312,0.2563923,0.26924795,0.0685527,0.11695382,-0.0037611874,0.5500803,0.12315239,0.30758047,0.07167126,0.09548292,-0.095318206,0.04656088,0.16065152,0.20611994,0.22126357,-0.09866938,0.06421004,0.025688186,-0.038250413,-0.015102016,-0.013653217,0.2448708,0.24288698,0.34982467,1.0000001,0.04890626,0.33980924,0.103510134,-0.00039764945,0.14918426,-0.020841526,-0.00754008,0.095422,0.19415167,0.27445474,-0.04833563,0.55281305,-0.11808877,0.31255186,0.14170453,0.38399595,0.053483866,0.04152249,0.44271815,-0.07073335,0.35443035,0.18903908,0.16517302,0.11714069,0.18207476,-0.05849576,0.16302462,0.1924284,0.66038823,0.028928451,-0.065238945,-0.07867328,0.54784197,0.16054597,0.3407574,0.53391063,0.0729322,0.050879735,-0.17423029,0.23299187,-0.028814608,0.1087918,0.16962,0.0839147,0.24641381,-0.09850528,0.24849588,0.32865322,0.04516033,0.35688925,0.25662333,0.029511722,0.07608777,0.3040913,0.012411766,0.07641976,0.17098571,0.032618217,0.3174311,0.044982776,0.12428915,-0.0009859509,-0.13376543,0.5059247,0.376063,0.17594701,0.042320665,0.64701164,0.59959227,0.0651078,0.19007893,0.43082258,0.023926008,0.23893376,0.06485277
club,0.2336911,0.45647216,0.49717185,0.5732434,0.5972829,0.386221,0.42353535,0.31816077,0.16129366,0.35119852,0.09808375,0.3501796,0.419334,0.62634104,0.44481623,0.30341274,0.47172472,0.35726374,0.2925999,0.330454,0.4067168,0.4227821,0.4719385,0.27875894,0.17750938,0.3476968,0.04890626,1.0,0.3292659,0.37341517,0.10050589,0.17648025,0.5173299,0.6158706,0.39755827,0.4533494,0.4761562,0.36074933,0.21881503,0.41444656,0.15647644,0.3906532,0.4693931,0.47247434,0.43243665,0.24601188,0.45766047,0.45684835,0.5260155,0.49004063,0.35206443,0.42335877,0.20127547,0.3066842,0.48593885,0.058695987,0.47403163,0.37655205,0.40934452,0.30558446,0.4228455,0.24103908,0.19587325,0.27054068,0.32964897,0.39770544,0.38651168,0.33007836,0.35882473,0.22738436,0.2931337,0.44868654,0.2810889,0.38269103,0.17057346,0.4094009,0.3062497,0.5529628,0.47251016,0.29516777,0.25923944,0.4263102,0.26771602,0.31592208,0.29927734,0.4091966,0.25022307,0.5918988,0.36548495,0.48787358,0.057929985,0.33307412,0.35999617,0.40954766,0.4360041,0.06862178,0.319285,0.5505835,0.37473214,0.56155807,0.39875302,0.383847
pond,0.6799013,0.5398808,0.58359927,0.3771575,0.34048596,0.43022925,0.38040194,0.807815,0.31712878,0.68222344,0.2578208,0.5646917,0.047612347,0.30874205,0.2391334,0.20049798,0.6120732,0.26995122,0.38277116,0.38988164,0.2857489,0.37282875,0.29942322,0.6129022,0.6949583,0.20180103,0.33980924,0.3292659,1.0,0.10037027,0.44643283,0.31458804,0.44125548,0.24156451,0.23917954,0.5055352,0.6401181,0.3784444,0.47041634,0.32127824,0.7040761,0.26509473,0.56764776,0.39673796,0.18904679,0.67221344,0.37755084,0.3672768,0.32952893,0.18891457,0.34449387,0.3264702,0.500231,0.123213485,0.4753467,0.6711491,0.37442726,0.30125833,0.13277487,0.61987936,0.47419116,0.63758314,0.36253613,0.20308083,0.21150112,0.17559925,0.49677512,0.38882855,0.28952104,0.66269094,0.49632844,0.48326898,0.27446038,0.4611817,0.7631123,0.17306113,0.7929261,0.6633888,0.27816072,0.2905311,0.54888386,0.36941212,0.32846794,0.46433455,0.31437337,0.7870495,0.51662904,0.31308728,0.13491412,0.32637244,0.38551584,0.4893247,0.22255608,0.112527534,0.62714463,0.5693432,0.456677,0.42293417,0.6220904,0.3063595,0.5987882,0.3587687
nation,0.31816763,0.34078926,0.36117634,0.41052395,0.27578634,0.20295484,0.12772988,-0.010815906,0.11023522,0.3418991,0.20896831,0.08759039,0.3622376,0.35246548,0.25066945,0.6684907,0.3042025,0.29320198,0.27327725,0.2685763,0.33406395,0.34574333,0.5355583,-0.09452498,0.1495588,0.6899066,0.103510134,0.37341517,0.10037027,1.0,-0.06368469,0.38103583,0.12321468,0.30814663,0.31600922,0.36221462,0.24418803,0.11799372,0.44440576,0.27767915,0.0456902,0.33698338,0.3897535,0.40195444,0.76953477,0.09473364,0.28493825,0.6067494,0.37881225,0.91625994,0.40488628,0.3534538,0.1270729,0.5556985,0.43754703,0.016209288,0.29931498,0.4119196,0.57238877,0.25693983,0.44047314,0.15784903,0.36862513,0.46515054,0.40172794,0.31689432,0.22033432,0.20351598,0.4193486,-0.020008784,0.329075,0.307528,0.23218507,0.44584614,0.15458724,0.2853328,0.17067204,0.33676463,0.1651535,0.1881137,0.36735898,0.14558604,0.23199953,0.08207205,0.22533433,0.27959636,0.40734798,0.6858647,0.5959281,0.29613906,0.15641889,0.2956601,0.3105883,0.44359532,0.45530516,0.20667234,0.072721995,0.45665357,0.36416727,0.60573554,0.5136552,0.4955442
driveway,0.21264495,0.3872338,0.16479695,0.11008624,0.21509711,0.03320404,0.6045646,0.40893427,0.48913342,0.29880092,0.4558351,0.5750346,-0.10952445,0.19263673,0.31849763,0.024892997,0.44801167,0.38616726,0.37226453,0.46341878,0.3152986,0.093292974,0.34153065,0.36040494,0.2976899,-0.03872313,-0.00039764945,0.10050589,0.44643283,-0.06368469,1.0,0.3892199,0.28607422,0.14325841,0.21993904,0.538002,0.39562595,0.24354805,0.20789996,0.45715544,0.41831282,0.06964223,0.31390905,0.18112776,0.04274171,0.06779235,0.32794237,0.03721584,0.26538664,0.07226155,0.1424897,0.12800789,0.44680765,-0.0015827469,0.27000725,0.28545806,0.30499116,0.3771369,0.27797663,0.19272916,0.26394522,0.00025031174,0.26426306,-0.036733225,0.13983473,0.06332807,0.46690542,0.6408462,0.41202867,0.4683144,0.2301229,0.4023155,0.5655558,0.26096395,0.27347326,0.34943837,0.41394114,0.356557,0.39621025,0.4221042,0.29985535,0.38345972,0.42637002,0.3041113,0.36876655,0.3364038,0.3130421,0.11646613,0.079467036,0.37691656,0.20184879,0.37277734,0.07741854,0.21075605,0.1869366,-0.04748768,0.45854947,0.32293132,0.40646997,0.21853803,0.27235764,0.38172433
highway,0.3574359,0.48979932,0.52940154,0.35645527,0.2159436,0.12901321,0.3288341,0.31525493,0.6322526,0.62222373,0.80359715,0.61471564,0.15986401,0.2352491,0.47030497,0.4768877,0.48860034,0.25509465,0.39785117,0.43585727,0.2811255,0.228619,0.3048584,0.06124661,0.2421706,0.46179992,0.14918426,0.17648025,0.31458804,0.38103583,0.3892199,1.0,0.13514614,0.12230826,0.2922175,0.825395,0.21416868,0.15211777,0.35428435,0.23468299,0.36674184,0.26861277,0.5392736,0.2633382,0.55261284,0.19716449,0.24184167,0.55893224,0.41794893,0.44361892,0.58109945,0.598587,0.35561773,0.45991248,0.31087372,0.1036698,0.6119391,0.52203536,0.41831544,0.37973613,0.42461714,0.05752981,0.34113744,0.34135085,0.5777127,0.19048657,0.27209637,0.5230693,0.48349327,0.25096464,0.50949824,0.2713064,0.36814857,0.5730203,0.44468343,0.3184987,0.5565623,0.52101344,0.064588636,0.39931357,0.4524175,0.2070315,0.62201256,0.47724777,0.27736083,0.53774107,0.44740474,0.37893438,0.2506155,0.33055934,0.23724239,0.4127547,0.45000693,0.39688438,0.418732,0.21382686,0.4372833,0.58380795,0.5107986,0.58354485,0.6098869,0.48852244
pub,0.31035277,0.449526,0.24321471,0.44704267,0.3243125,0.28930864,0.66396934,0.39845493,0.27407932,0.17638494,0.27887928,0.48452634,0.44051406,0.479686,0.4394301,0.10990226,0.43349472,0.5504492,0.3895854,0.60980856,0.41524372,0.30251315,0.27557552,0.32646137,0.32857165,0.050147526,-0.020841526,0.5173299,0.44125548,0.12321468,0.28607422,0.13514614,1.0,0.3516752,0.28639162,0.382765,0.4893025,0.39972132,0.14710918,0.69448626,0.3185374,0.27472806,0.31095833,0.14162037,0.08389308,0.31588462,0.7289826,0.17997305,0.34695485,0.22908126,0.18108398,0.27440396,0.5814787,0.07020851,0.27497807,0.1543767,0.43399522,0.5198455,0.27564618,0.2782751,0.38530746,0.2408194,0.22002615,0.38594723,0.2859237,0.409479,0.5143444,0.49745995,0.5245405,0.3378627,0.18649319,0.20141207,0.4701236,0.5017841,0.15299162,0.35994554,0.3778701,0.41975862,0.47441447,0.36440456,0.23920585,0.7380934,0.36415762,0.34709784,0.5090066,0.25536883,0.18371738,0.27730814,0.30649143,0.6182141,-0.0040609767,0.31824452,0.19438472,0.29229876,0.23219264,-0.013253601,0.40144932,0.49795005,0.3291304,0.35952646,0.26080677,0.35853493
arena,0.12480288,0.40346804,0.35241002,0.5346825,0.82985234,0.37880662,0.4292855,0.22836444,0.36999774,0.12348626,0.18868116,0.28460255,0.41532582,0.70282334,0.40366307,0.14801629,0.34330952,0.3319962,0.49292764,0.585258,0.3305367,0.4819478,0.4064658,0.31417695,0.104930446,0.19085714,-0.00754008,0.6158706,0.24156451,0.30814663,0.14325841,0.12230826,0.3516752,1.0,0.3101743,0.32863048,0.486499,0.51551485,0.15759647,0.28107393,0.11821329,0.3804863,0.2868108,0.4431909,0.31975332,0.16710138,0.33007425,0.22447301,0.5657559,0.316988,0.20479043,0.24846955,0.25696403,0.09723575,0.4031028,-0.010028315,0.48494503,0.34547457,0.37212384,0.23501585,0.4045906,0.37064075,-0.009980046,0.37833375,0.23061329,0.5729084,0.44081244,0.4734925,0.38431996,0.117575295,0.29711834,0.25188446,0.29564965,0.18189865,0.19495521,0.26499677,0.10273916,0.57202095,0.5632455,0.61806214,0.12271899,0.34960997,0.3691719,0.3581654,0.32079315,0.34494835,0.17920017,0.35790488,0.31433183,0.27635953,0.03585703,0.0619665,0.2047131,0.51327455,0.2870671,0.20262267,0.24844086,0.31274205,0.22383346,0.5299377,0.23974581,0.47765952
hospital,0.112434044,0.4611952,0.42227253,0.6075378,0.38227308,0.5604535,0.38538218,0.25090614,0.15341944,0.35797572,0.22480267,0.29787108,0.17701261,0.3013073,0.5569963,0.23463365,0.39036098,0.42625877,0.310892,0.42274132,0.42836758,0.40894225,0.34839946,0.1141483,0.33151832,0.35092393,0.095422,0.39755827,0.23917954,0.31600922,0.21993904,0.2922175,0.28639162,0.3101743,1.0,0.41287562,0.34646255,0.27944764,0.26691276,0.43183503,0.09251939,0.4327953,0.38561586,0.32090768,0.4458863,0.19656594,0.4311446,0.34378493,0.5712444,0.37798625,0.45803323,0.45593005,0.21226642,0.46995512,0.37562558,-0.0056239436,0.54509676,0.39388976,0.6029306,0.2524135,0.50095135,0.29735112,0.23626606,0.20683247,0.49286813,0.34338173,0.30140343,0.4045321,0.52174544,0.17988463,0.4359367,0.3097375,0.5972707,0.5380035,0.30337209,0.55334324,0.25257692,0.4726235,0.48992538,0.289695,0.24424681,0.35071185,0.30001917,0.33353353,0.42585465,0.35893443,0.38569418,0.46273392,0.2555007,0.3739108,-0.16594774,0.17100595,0.3229207,0.5961915,0.37173134,0.14798684,0.4064612,0.562536,0.29357967,0.61691093,0.4260939,0.55177397
